0 Russia 697 232 2 1 5 7 9 15 
1 Norway 338 255 3 2 0 4 8 
2 Finland 511 208 0 1 3 
3 Sweden 406 272 1 2 8 
4 Iceland 84 113 1 6 
5 Estonia 534 284 0 7 
6 UnitedKingdom 170 334 11 17 4 
7 Latvia 541 325 10 5 0 9 
8 Denmark 344 370 3 14 1 
9 Belarus 575 386 0 10 13 15 7 
10 Lithuania 527 367 13 9 12 7 
11 Ireland 99 400 6 
12 Kaliningrad 488 377 13 10 
13 Poland 476 436 10 12 9 15 14 21 19 
14 Germany 353 457 16 13 8 17 19 20 18 24 26 
15 Ukraine 646 458 0 9 13 23 25 22 21 
16 Netherlands 289 434 14 18 
17 France 236 555 34 14 18 20 6 29 26 
18 Belgium 268 473 17 20 14 16 
19 CzechRepublic 414 498 24 14 21 13 
20 Luxemburg 293 491 17 18 14 
21 Slovakia 482 511 24 25 19 13 15 
22 Moldova 621 519 23 15 
23 Romania 563 560 15 22 25 30 32 
24 Austria 418 541 19 21 28 27 29 26 14 25 
25 Hungary 484 552 15 21 23 31 30 28 24 
26 Switzerland 319 557 29 17 27 24 14 
27 Liechtenstein 344 549 26 24 
28 Slovenia 412 577 31 29 24 25 
29 Italy 345 594 45 17 26 28 24 39 
30 Serbia 519 607 23 32 38 36 42 33 31 25 
31 Croatia 432 605 36 33 30 28 25 
32 Bulgaria 596 628 40 42 23 30 35 
33 Bosnia&Herzegovina 478 612 31 36 30 
34 Spain 114 686 37 47 17 
35 Turkey 734 671 40 46 32 44 
36 Montenegro 497 640 31 41 33 38 30 
37 Portugal 37 683 34 
38 Kosovo 525 640 41 42 36 30 
39 Corsica 331 660 43 29 
40 Greece 554 720 32 35 42 41 
41 Albania 513 677 36 38 42 40 
42 Macedonia 542 658 30 32 38 41 40 
43 Sardinia 331 707 39 48 
44 Cyprus 774 752 35 
45 Sicily 425 761 29 
46 Creete 653 781 35 
47 Morocco 57 790 34 49 
48 Tunisia 336 791 49 43 
49 Algeria 193 792 47 48 
